[manual]
lat=40.543941
lon=-112.005675
